1480
1478
1477
1475
1472
1469
1467
1464
1463
1462
1457
1456
1453
1450
1449
1445
1440
1436
1421
1417
1416
1410
1406
1405
1404
1403
1400
1399
1398
1393
1390
1383
1376
1375
1371
1370
1369
1368
1363
1358
1357
1347
1342
1339
1337
1336
1335
1332
1331
1324
1321
1319
1316
1310
1308
1304
1298
1296
1294
1293
1292
1291
1396
1283
1282
1267
1266
1260
1256
1254
1252
1251
1247
1246
1242
1248
1241
1239
1235
1224
1223
1222
1216
1215
1214
1213
1210
1208
1204
1315
1201
1198
1197
1195
1193
1189
1188
1182
1177
1171
1169
1166
1165
1160
1156
1155
1150
1146
1144
1290
1142
1136
1129
1123
1121
1110
1109
1102
1093
1086
1082
1081
1080
1079
1077
1075
1074
1072
1057
1055
1054
1052
1046
1043
1040
1038
1036
1030
1029
1028
1025
1023
1018
1017
1012
1005
1003
998
995
993
989
988
982
978
974
1377
971
967
964
1263
961
960
959
955
947
942
936
935
933
922
920
919
914
912
911
910
1285
925
909
907
906
902
941
901
898
1355
892
883
876
860
1327
855
850
848
1063
846
843
831
830
827
820
819
1325
818
891
806
803
800
1148
1274
1128
799
1264
794
1281
938
791
789
786
785
1202
777
770
769
764
1049
1382
761
760
759
757
756
753
1473
816
1253
751
750
749
748
747
742
949
737
736
735
727
725
724
722
719
715
706
703
945
690
689
688
1384
685
681
680
679
677
675
673
669
668
667
665
664
711
662
660
1016
658
651
1151
650
649
641
640
636
863
1288
841
1120
1451
904
738
693
1395
635
633
1300
900
642
628
627
879
1364
856
625
624
622
1176
1427
937
621
620
619
618
617
616
611
602
1459
1448
599
598
597
595
645
593
999
839
590
583
580
579
578
1107
576
575
572
571
569
1317
567
1402
563
560
555
552
547
539
533
532
531
854
529
526
524
523
522
520
1465
657
519
517
509
702
731
507
505
502
499
884
498
495
494
705
492
488
487
486
1206
1225
808
485
480
479
476
472
694
471
497
469
465
461
460
457
455
454
1159
452
450
447
445
1065
441
440
439
437
436
434
429
425
420
419
417
869
415
414
411
410
1078
406
1058
1306
402
401
400
946
1004
1212
399
1433
397
392
714
783
391
516
1422
389
384
1090
467
1349
514
446
381
378
376
1113
375
373
366
364
1394
357
1042
356
355
352
351
349
347
345
587
344
342
1429
1194
341
337
333
329
326
323
321
320
316
312
307
304
1362
746
293
670
1381
814
291
994
290
870
875
1229
367
1162
1069
615
288
1013
287
286
285
1009
282
696
1365
281
275
274
268
266
405
1361
265
261
473
260
259
258
251
248
871
246
240
238
568
1428
985
1217
237
235
234
1064
470
231
864
1050
1220
230
229
1378
227
224
710
773
219
1415
216
214
213
212
833
209
208
241
896
228
557
428
220
311
798
543
334
934
661
880
1441
518
205
1161
203
683
565
394
263
305
1227
398
449
1356
456
201
200
199
1070
198
343
489
646
189
444
1466
277
1047
1297
1372
643
187
185
184
182
763
793
350
181
778
692
179
279
1237
1199
1275
653
1076
1262
824
862
1085
1425
537
930
687
784
639
177
176
175
174
173
166
164
162
797
442
161
1257
155
152
834
733
881
150
144
139
559
477
980
163
1470
137
136
1374
169
1226
180
613
134
131
130
459
127
1455
976
124
120
1424
222
508
536
1232
601
403
243
1461
1203
1125
558
119
114
140
207
743
1432
151
1329
289
493
1006
1243
390
868
1438
165
782
610
954
817
474
1352
581
1295
614
823
1103
634
1397
1089
346
111
109
1330
448
306
1071
872
923
1205
1130
107
105
103
102
1164
1141
837
206
1302
1218
1096
332
475
1286
100
1231
98
93
1392
631
695
1032
298
730
188
779
525
1380
528
1334
247
90
1117
1008
865
897
729
310
1114
1154
85
1122
84
734
83
1230
741
1279
327
1051
768
276
1087
484
795
368
829
1413
135
951
1019
388
1022
612
81
73
1153
638
1314
554
80
943
72
728
844
70
67
64
61
59
58
57
809
1311
56
927
55
582
453
1000
1173
1139
96
1209
1149
970
284
253
254
393
424
1244
644
1305
592
1060
549
53
859
1323
550
878
183
873
91
1101
1027
271
1002
464
828
1066
117
767
256
804
805
606
511
283
623
969
202
905
249
52
965
1131
548
317
1483
242
1238
50
717
149
716
867
372
535
1350
191
762
1234
534
1269
1476
849
204
504
270
1261
887
186
840
1007
416
983
1170
1447
1338
924
255
1116
1026
1126
776
1277
51
335
1172
648
1100
1354
851
1385
49
47
46
584
325
1367
541
1320
387
630
365
1108
435
115
88
506
194
589
42
1430
106
704
708
1318
44
866
1265
1062
986
1419
1053
882
836
545
171
796
723
303
95
215
118
1452
1348
358
40
39
197
38
813
811
309
745
1284
916
443
1045
354
940
97
483
1207
75
889
1309
515
1061
544
950
1099
319
36
35
788
838
196
979
981
1345
34
32
28
24
54
1444
45
503
236
146
23
20
318
594
19
1312
1373
18
17
1409
931
1143
1435
15
71
1014
858
1133
588
13
12
1196
929
1010
101
10
8
336
726
1255
322
380
1183
845
126
7
87
1191
6
26
156
5
1366
698
1423
4
1326
273
463
512
972
893
66
1307
1132
957
217
308
629
1200
992
917
1442
603
815
1219
802
267
700
232
193
1408
113
821
138
928
168
765
1303
1059
1097
577
570
148
1067
1137
707
672
160
423
752
1458
1145
142
1460
562
772
1414
466
1328
218
921
890
299
556
1379
250
1168
656
313
1481
915
608
894
1044
92
740
1084
997
122
422
1434
1098
771
732
1056
973
225
1124
1111
885
1104
1420
1346
1301
280
41
1175
129
1387
43
21
29
278
496
360
755
604
847
369
655
339
825
1083
1140
948
1092
63
1270
1386
991
1344
1158
110
542
600
521
1021
328
257
1351
404
170
975
538
412
172
1407
382
438
1115
359
586
418
886
302
1391
292
245
192
712
1258
1299
11
190
739
264
939
421
211
210
697
481
1443
147
1178
913
721
990
60
433
527
125
895
877
966
458
659
468
720
1
652
1112
1343
104
9
666
1287
857
1211
1186
77
1468
426
790
74
431
780
31
663
78
1437
371
86
709
1180
842
478
501
1138
1094
1001
462
294
295
546
812
1249
108
330
1276
561
143
408
861
1152
396
1163
223
744
987
239
451
300
899
1181
1341
297
585
76
128
1439
1192
781
1259
141
1135
874
1041
500
647
888
395
903
1272
353
157
361
1360
158
3
686
407
775
221
1426
553
153
1280
1095
338
1068
1322
1359
573
952
591
25
1271
822
22
132
792
1020
1474
386
1088
409
605
340
1228
167
908
1388
1401
801
370
596
362
996
1185
1471
154
1073
244
713
65
1091
37
1273
1167
701
1240
269
807
1411
1048
944
540
766
678
1033
363
331
145
1250
315
632
962
810
377
654
607
1034
233
682
774
676
566
1221
984
718
30
1106
551
159
671
510
348
1431
1236
1289
178
490
1340
1157
491
385
1147
1035
2
432
252
835
832
48
977
1353
1482
94
1389
1024
1454
963
116
62
1184
89
1179
133
383
513
427
1190
826
1245
968
1233
123
262
787
14
324
1174
852
932
758
1479
379
33
530
637
314
953
564
1119
958
574
27
926
1127
1333
626
1011
272
1278
226
1418
918
1187
82
374
1268
430
853
1446
1412
1134
1105
99
609
1037
112
69
754
684
195
1313
121
691
482
674
413
296
1118
79
1015
16
699
956
1039
301
0
68
1031
