84 141 49
157 1 404
50 144 535
147 100 631
114 44 644
83 95 663
38 48 819
132 167 955
121 197 1142
59 143 1181
123 193 1198
18 117 1252
34 98 1310
39 167 1338
58 175 1345
148 79 1375
0 173 1445
21 39 1605
64 91 1647
137 161 1758
104 63 1935
184 200 1986
24 146 2015
41 78 2081
124 9 2276
26 174 2582
128 182 2678
63 171 2705
19 74 3001
137 179 3039
183 146 3072
88 60 3158
99 76 3448
63 16 3459
26 79 3529
22 147 3571
121 58 3588
24 47 3729
199 180 3867
26 47 4207
130 137 4255
152 148 4498
182 47 4587
36 158 4595
137 99 4598
180 165 4719
177 173 4809
65 77 4816
111 71 5251
127 5 5292
188 76 5315
59 72 5477
118 60 5517
23 170 5530
20 85 5923
64 144 5968
92 70 6075
172 144 6183
108 16 6326
20 31 6436
31 77 6483
120 116 6498
23 152 6516
128 60 6670
30 71 6742
120 99 6872
112 178 6995
51 84 7141
26 41 7185
33 48 7236
107 173 7266
52 39 7360
37 180 7391
38 70 7806
163 96 7869
9 77 7913
115 35 7916
55 15 7927
108 63 7938
31 76 8043
126 51 8259
128 43 8424
193 68 8644
196 45 8657
132 91 8737
52 148 8759
175 180 8768
5 146 9125
94 170 9574
168 96 9593
20 149 9763
26 178 9780
123 198 9919
89 146 10109
183 96 10252
119 47 10288
40 72 10362
30 151 10469
186 200 10554
92 179 10600
136 127 10628
7 200 10667
130 72 10685
122 41 10743
83 187 10899
137 147 10929
121 36 11049
15 18 11231
26 72 11501
29 37 11697
16 71 11703
